import_time: 2.881571542000529
help_time: 2.792160082999544
list_steps_time: 2.727585332999297
